
SUMMARISING RUN PARAMETERS
==========================
Input filename: ExternalData/Pooled/Litt_MiSeq_S1_R1_001.fastq.gz
Trimming mode: paired-end
Trim Galore version: 0.6.4_dev
Cutadapt version: 2.10
Python version: could not detect
Number of cores used for trimming: 6
Quality Phred score cutoff: 20
Quality encoding type selected: ASCII+33
Using Illumina adapter for trimming (count: 158919). Second best hit was smallRNA (count: 0)
Adapter sequence: 'AGATCGGAAGAGC' (Illumina TruSeq, Sanger iPCR; auto-detected)
Maximum trimming error rate: 0.1 (default)
Minimum required adapter overlap (stringency): 1 bp
Minimum required sequence length for both reads before a sequence pair gets removed: 20 bp
Output file will be GZIP compressed


This is cutadapt 2.10 with Python 3.7.6
Command line parameters: -j 6 -e 0.1 -q 20 -O 1 -a AGATCGGAAGAGC ExternalData/Pooled/Litt_MiSeq_S1_R1_001.fastq.gz
Processing reads on 6 cores in single-end mode ...
Finished in 244.19 s (12 us/read; 5.04 M reads/minute).

=== Summary ===

Total reads processed:              20,503,905
Reads with adapters:                 9,942,450 (48.5%)
Reads written (passing filters):    20,503,905 (100.0%)

Total basepairs processed: 3,096,089,655 bp
Quality-trimmed:               6,464,128 bp (0.2%)
Total written (filtered):  2,989,246,622 bp (96.5%)

=== Adapter 1 ===

Sequence: AGATCGGAAGAGC; Type: regular 3'; Length: 13; Trimmed: 9942450 times

No. of allowed errors:
0-9 bp: 0; 10-13 bp: 1

Bases preceding removed adapters:
  A: 23.3%
  C: 2.9%
  G: 42.4%
  T: 31.4%
  none/other: 0.0%

Overview of removed sequences
length	count	expect	max.err	error counts
1	4671878	5125976.2	0	4671878
2	549851	1281494.1	0	549851
3	232037	320373.5	0	232037
4	1140919	80093.4	0	1140919
5	1378	20023.3	0	1378
6	1094	5005.8	0	1094
7	906	1251.5	0	906
8	952	312.9	0	952
9	919	78.2	0	916 3
10	2852	19.6	1	2763 89
11	8524	4.9	1	8147 377
12	11115	1.2	1	10714 401
13	6199	0.3	1	5963 236
14	4704	0.3	1	4513 191
15	1865	0.3	1	1755 110
16	1278	0.3	1	1181 97
17	1224	0.3	1	1071 153
18	2548	0.3	1	2241 307
19	5419	0.3	1	4620 799
20	18321	0.3	1	16744 1577
21	163100	0.3	1	153310 9790
22	1050642	0.3	1	1018203 32439
23	982991	0.3	1	951945 31046
24	831291	0.3	1	806701 24590
25	37481	0.3	1	36250 1231
26	2600	0.3	1	2403 197
27	1122	0.3	1	1061 61
28	6310	0.3	1	6079 231
29	5823	0.3	1	5646 177
30	2187	0.3	1	2124 63
31	1175	0.3	1	1137 38
32	375	0.3	1	365 10
33	242	0.3	1	235 7
34	254	0.3	1	242 12
35	301	0.3	1	295 6
36	336	0.3	1	324 12
37	365	0.3	1	356 9
38	326	0.3	1	321 5
39	650	0.3	1	630 20
40	1286	0.3	1	1232 54
41	848	0.3	1	818 30
42	365	0.3	1	351 14
43	358	0.3	1	346 12
44	295	0.3	1	286 9
45	294	0.3	1	283 11
46	201	0.3	1	194 7
47	153	0.3	1	148 5
48	210	0.3	1	204 6
49	257	0.3	1	248 9
50	232	0.3	1	222 10
51	125	0.3	1	114 11
52	216	0.3	1	211 5
53	262	0.3	1	253 9
54	196	0.3	1	189 7
55	201	0.3	1	192 9
56	207	0.3	1	196 11
57	258	0.3	1	251 7
58	197	0.3	1	186 11
59	265	0.3	1	253 12
60	332	0.3	1	314 18
61	769	0.3	1	741 28
62	959	0.3	1	922 37
63	853	0.3	1	804 49
64	570	0.3	1	535 35
65	364	0.3	1	339 25
66	1849	0.3	1	1779 70
67	862	0.3	1	815 47
68	802	0.3	1	749 53
69	2051	0.3	1	1935 116
70	3282	0.3	1	3130 152
71	4063	0.3	1	3893 170
72	5760	0.3	1	5554 206
73	9061	0.3	1	8671 390
74	11627	0.3	1	11171 456
75	11972	0.3	1	11525 447
76	8596	0.3	1	8287 309
77	5461	0.3	1	5272 189
78	3178	0.3	1	3069 109
79	2077	0.3	1	2003 74
80	1674	0.3	1	1599 75
81	1291	0.3	1	1219 72
82	1200	0.3	1	1151 49
83	1109	0.3	1	1051 58
84	1052	0.3	1	1008 44
85	896	0.3	1	857 39
86	827	0.3	1	795 32
87	813	0.3	1	775 38
88	926	0.3	1	882 44
89	944	0.3	1	897 47
90	985	0.3	1	943 42
91	1118	0.3	1	1056 62
92	1393	0.3	1	1331 62
93	2074	0.3	1	1975 99
94	3337	0.3	1	3175 162
95	3886	0.3	1	3711 175
96	5006	0.3	1	4791 215
97	10199	0.3	1	9707 492
98	16472	0.3	1	15708 764
99	11210	0.3	1	10665 545
100	5022	0.3	1	4772 250
101	3031	0.3	1	2915 116
102	619	0.3	1	583 36
103	333	0.3	1	316 17
104	322	0.3	1	307 15
105	309	0.3	1	292 17
106	245	0.3	1	232 13
107	246	0.3	1	228 18
108	307	0.3	1	289 18
109	315	0.3	1	299 16
110	223	0.3	1	211 12
111	241	0.3	1	224 17
112	211	0.3	1	203 8
113	197	0.3	1	176 21
114	226	0.3	1	208 18
115	189	0.3	1	176 13
116	212	0.3	1	194 18
117	223	0.3	1	212 11
118	230	0.3	1	213 17
119	273	0.3	1	255 18
120	313	0.3	1	302 11
121	490	0.3	1	476 14
122	370	0.3	1	354 16
123	346	0.3	1	332 14
124	380	0.3	1	365 15
125	602	0.3	1	568 34
126	311	0.3	1	285 26
127	367	0.3	1	347 20
128	552	0.3	1	520 32
129	1255	0.3	1	1188 67
130	2141	0.3	1	2030 111
131	268	0.3	1	248 20
132	295	0.3	1	283 12
133	400	0.3	1	385 15
134	421	0.3	1	396 25
135	505	0.3	1	474 31
136	604	0.3	1	578 26
137	1166	0.3	1	1105 61
138	2286	0.3	1	2199 87
139	2937	0.3	1	2798 139
140	1783	0.3	1	1688 95
141	1364	0.3	1	1301 63
142	1108	0.3	1	1050 58
143	272	0.3	1	253 19
144	288	0.3	1	268 20
145	447	0.3	1	409 38
146	749	0.3	1	663 86
147	1220	0.3	1	1093 127
148	2019	0.3	1	1846 173
149	3158	0.3	1	2874 284
150	1579	0.3	1	1405 174
151	600	0.3	1	537 63

RUN STATISTICS FOR INPUT FILE: ExternalData/Pooled/Litt_MiSeq_S1_R1_001.fastq.gz
=============================================
20503905 sequences processed in total

