
SUMMARISING RUN PARAMETERS
==========================
Input filename: ExternalData/Pooled/Litt_MiSeq_S1_R2_001.fastq.gz
Trimming mode: paired-end
Trim Galore version: 0.6.4_dev
Cutadapt version: 2.10
Python version: could not detect
Number of cores used for trimming: 6
Quality Phred score cutoff: 20
Quality encoding type selected: ASCII+33
Using Illumina adapter for trimming (count: 158919). Second best hit was smallRNA (count: 0)
Adapter sequence: 'AGATCGGAAGAGC' (Illumina TruSeq, Sanger iPCR; auto-detected)
Maximum trimming error rate: 0.1 (default)
Minimum required adapter overlap (stringency): 1 bp
Minimum required sequence length for both reads before a sequence pair gets removed: 20 bp
Output file will be GZIP compressed


This is cutadapt 2.10 with Python 3.7.6
Command line parameters: -j 6 -e 0.1 -q 20 -O 1 -a AGATCGGAAGAGC ExternalData/Pooled/Litt_MiSeq_S1_R2_001.fastq.gz
Processing reads on 6 cores in single-end mode ...
Finished in 254.80 s (12 us/read; 4.83 M reads/minute).

=== Summary ===

Total reads processed:              20,503,905
Reads with adapters:                10,509,080 (51.3%)
Reads written (passing filters):    20,503,905 (100.0%)

Total basepairs processed: 3,096,089,655 bp
Quality-trimmed:               8,949,975 bp (0.3%)
Total written (filtered):  2,991,450,675 bp (96.6%)

=== Adapter 1 ===

Sequence: AGATCGGAAGAGC; Type: regular 3'; Length: 13; Trimmed: 10509080 times

No. of allowed errors:
0-9 bp: 0; 10-13 bp: 1

Bases preceding removed adapters:
  A: 44.4%
  C: 36.2%
  G: 7.8%
  T: 11.6%
  none/other: 0.0%

Overview of removed sequences
length	count	expect	max.err	error counts
1	5332744	5125976.2	0	5332744
2	1633714	1281494.1	0	1633714
3	144116	320373.5	0	144116
4	67094	80093.4	0	67094
5	4903	20023.3	0	4903
6	2175	5005.8	0	2175
7	1083	1251.5	0	1083
8	1027	312.9	0	1027
9	1104	78.2	0	1094 10
10	4151	19.6	1	3969 182
11	7445	4.9	1	7113 332
12	12321	1.2	1	11899 422
13	5678	0.3	1	5339 339
14	5744	0.3	1	5464 280
15	1364	0.3	1	1168 196
16	1563	0.3	1	1348 215
17	2085	0.3	1	1785 300
18	2268	0.3	1	1788 480
19	9867	0.3	1	8805 1062
20	37813	0.3	1	35329 2484
21	97385	0.3	1	91052 6333
22	1061061	0.3	1	1029220 31841
23	1010774	0.3	1	979931 30843
24	832500	0.3	1	811487 21013
25	30592	0.3	1	29690 902
26	2931	0.3	1	2810 121
27	1446	0.3	1	1349 97
28	9412	0.3	1	9099 313
29	1944	0.3	1	1822 122
30	3013	0.3	1	2921 92
31	303	0.3	1	285 18
32	514	0.3	1	501 13
33	153	0.3	1	146 7
34	240	0.3	1	231 9
35	376	0.3	1	363 13
36	307	0.3	1	297 10
37	284	0.3	1	272 12
38	495	0.3	1	482 13
39	461	0.3	1	425 36
40	1210	0.3	1	1174 36
41	980	0.3	1	945 35
42	624	0.3	1	608 16
43	121	0.3	1	106 15
44	365	0.3	1	353 12
45	453	0.3	1	436 17
46	133	0.3	1	129 4
47	151	0.3	1	144 7
48	203	0.3	1	196 7
49	245	0.3	1	234 11
50	192	0.3	1	178 14
51	278	0.3	1	270 8
52	156	0.3	1	151 5
53	198	0.3	1	184 14
54	199	0.3	1	194 5
55	238	0.3	1	223 15
56	171	0.3	1	155 16
57	270	0.3	1	254 16
58	388	0.3	1	337 51
59	402	0.3	1	353 49
60	495	0.3	1	431 64
61	1218	0.3	1	1119 99
62	1655	0.3	1	1494 161
63	1751	0.3	1	1523 228
64	2600	0.3	1	2086 514
65	5458	0.3	1	4415 1043
66	12924	0.3	1	11133 1791
67	12360	0.3	1	10465 1895
68	15717	0.3	1	13664 2053
69	12421	0.3	1	10711 1710
70	7782	0.3	1	6730 1052
71	4787	0.3	1	4141 646
72	3028	0.3	1	2577 451
73	2629	0.3	1	2304 325
74	1885	0.3	1	1620 265
75	1553	0.3	1	1324 229
76	1349	0.3	1	1136 213
77	1380	0.3	1	1177 203
78	1119	0.3	1	937 182
79	1024	0.3	1	833 191
80	951	0.3	1	810 141
81	852	0.3	1	692 160
82	750	0.3	1	626 124
83	732	0.3	1	596 136
84	725	0.3	1	587 138
85	509	0.3	1	401 108
86	567	0.3	1	459 108
87	540	0.3	1	442 98
88	537	0.3	1	441 96
89	595	0.3	1	483 112
90	613	0.3	1	508 105
91	843	0.3	1	712 131
92	1111	0.3	1	949 162
93	1539	0.3	1	1293 246
94	2530	0.3	1	2237 293
95	2973	0.3	1	2584 389
96	3867	0.3	1	3227 640
97	7421	0.3	1	6321 1100
98	12552	0.3	1	10269 2283
99	9099	0.3	1	8497 602
100	3902	0.3	1	3478 424
101	2422	0.3	1	1944 478
102	470	0.3	1	389 81
103	193	0.3	1	126 67
104	205	0.3	1	134 71
105	200	0.3	1	133 67
106	146	0.3	1	104 42
107	157	0.3	1	107 50
108	175	0.3	1	110 65
109	188	0.3	1	131 57
110	133	0.3	1	83 50
111	131	0.3	1	71 60
112	141	0.3	1	94 47
113	144	0.3	1	71 73
114	128	0.3	1	58 70
115	117	0.3	1	62 55
116	146	0.3	1	72 74
117	129	0.3	1	82 47
118	124	0.3	1	70 54
119	179	0.3	1	84 95
120	208	0.3	1	97 111
121	288	0.3	1	144 144
122	277	0.3	1	130 147
123	199	0.3	1	90 109
124	264	0.3	1	150 114
125	317	0.3	1	167 150
126	185	0.3	1	88 97
127	256	0.3	1	131 125
128	387	0.3	1	188 199
129	690	0.3	1	351 339
130	1347	0.3	1	664 683
131	183	0.3	1	100 83
132	229	0.3	1	122 107
133	222	0.3	1	122 100
134	274	0.3	1	150 124
135	300	0.3	1	143 157
136	387	0.3	1	204 183
137	672	0.3	1	386 286
138	1379	0.3	1	722 657
139	2139	0.3	1	1292 847
140	1110	0.3	1	588 522
141	942	0.3	1	569 373
142	744	0.3	1	407 337
143	174	0.3	1	92 82
144	172	0.3	1	79 93
145	180	0.3	1	77 103
146	394	0.3	1	184 210
147	624	0.3	1	268 356
148	892	0.3	1	360 532
149	1618	0.3	1	677 941
150	579	0.3	1	188 391
151	150	0.3	1	35 115

RUN STATISTICS FOR INPUT FILE: ExternalData/Pooled/Litt_MiSeq_S1_R2_001.fastq.gz
=============================================
20503905 sequences processed in total

Total number of sequences analysed for the sequence pair length validation: 20503905

Number of sequence pairs removed because at least one read was shorter than the length cutoff (20 bp): 51933 (0.25%)
